-0.162114
-0.8363
-0.523757
0
-0.952606
0.271096
-0.138015
0
0.257411
0.47656
-0.840613
0
-0.235059
-0.114494
0.662668
1
-0.999331
-6.99623e-05
-0.036571
0
0.0313992
0.511037
-0.858985
0
0.0187492
-0.859559
-0.510693
0
-0.0548931
0.22526
0.816495
1
-0.301622
-0.903342
-0.304954
0
-0.952901
0.274984
0.127923
0
-0.0317008
0.329175
-0.943737
0
-0.0533437
-0.175334
0.497091
1
0.0689027
-0.520472
0.851094
0
-0.99762
-0.033729
0.0601387
0
-0.00259402
-0.853212
-0.521558
0
0.21861
0.195342
0.872817
1
0.264232
-0.826358
-0.497307
0
-0.964105
-0.240296
-0.112962
0
-0.0261534
0.509304
-0.860189
0
0.0533133
-0.0118865
0.559046
1
0.997921
-0.0351618
0.0540185
0
-0.0643026
-0.485659
0.87178
0
-0.00441876
-0.873441
-0.48691
0
0.158606
0.232953
0.822956
1
0.100834
-0.915527
-0.389413
0
-0.993575
-0.11288
0.00811174
0
-0.0513837
0.386094
-0.921027
0
-0.23105
-0.09631
0.602592
1
0.960625
0.14589
-0.236464
0
0.27778
-0.485521
0.828919
0
0.00612275
-0.861966
-0.506929
0
-0.1635
0.191904
0.876342
1
0.0998934
-0.915381
-0.389998
0
-0.993532
-0.113035
0.0108275
0
-0.0539947
0.386394
-0.920752
0
-0.230972
-0.0961611
0.602548
1
0.984242
0.0955277
-0.1488
0
0.176661
-0.495028
0.850728
0
0.00760814
-0.86361
-0.504103
0
-0.154335
0.253673
0.772539
1
-0.351025
-0.684648
-0.638779
0
-0.883498
0.468153
-0.0162656
0
0.310182
0.558651
-0.769218
0
-0.287876
-0.164695
0.653837
1
0.975022
0.120605
-0.186513
0
0.221896
-0.492094
0.841787
0
0.00974158
-0.862147
-0.506564
0
0.148604
0.207064
0.853105
1
0.0580814
-0.876749
-0.477428
0
-0.991083
-0.108086
0.0779187
0
-0.119918
0.468645
-0.875209
0
0.0169281
-0.165815
0.460552
1
-0.995545
-0.048294
0.0809828
0
-0.0942896
0.509403
-0.855347
0
5.52505e-05
-0.859172
-0.511687
0
0.217523
0.183545
0.891764
1
0.0574175
-0.876293
-0.478345
0
-0.990694
-0.109237
0.0811967
0
-0.123405
0.469232
-0.87441
0
0.0169904
-0.16602
0.460378
1
-0.936029
-0.184116
0.299917
0
-0.351869
0.474861
-0.806657
0
0.00610006
-0.860586
-0.509268
0
0.100788
0.214075
0.839241
1
-0.145451
-0.737128
-0.659914
0
-0.988981
0.0897409
0.11774
0
-0.0275679
0.669768
-0.742058
0
0.100853
0.00999666
0.672282
1
-0.994125
-0.0589404
0.0907852
0
-0.10816
0.508709
-0.854118
0
0.00415879
-0.858919
-0.512095
0
0.213851
0.209292
0.848648
1
-0.324665
-0.734136
-0.596353
0
-0.853068
0.499596
-0.150598
0
0.408495
0.459836
-0.788469
0
-0.113891
-0.175612
0.643395
1
-0.98934
-0.0835788
0.119253
0
-0.145196
0.503315
-0.851817
0
0.0111721
-0.860051
-0.510085
0
0.0929618
0.238329
0.796772
1
