0.222186
-0.950525
-0.217106
0
-0.972229
-0.23278
0.0241701
0
-0.0735123
0.205706
-0.975849
0
-0.104855
0.0644824
0.420992
1
0.967725
0.120549
-0.221305
0
0.0387532
-0.938908
-0.341981
0
-0.249011
0.322367
-0.913276
0
0.223623
0.0789774
0.53552
1
0.0763948
0.97387
-0.213871
0
0.997077
-0.0742912
0.017868
0
0.00151236
-0.214611
-0.976698
0
0.0779494
0.155812
0.329692
1
-0.23211
0.97264
-0.00977878
0
0.957036
0.226566
-0.180969
0
-0.173802
-0.0513633
-0.98344
0
0.11679
0.0649901
0.38011
1
-0.13791
0.989343
-0.046708
0
0.976204
0.127807
-0.175191
0
-0.167354
-0.0697571
-0.983426
0
-0.00215716
0.0795127
0.40212
1
-0.496493
0.797099
0.343697
0
0.866246
0.429529
0.25519
0
0.0557842
0.424427
-0.903742
0
-0.20845
0.178275
0.574337
1
0.977414
0.0910432
-0.190716
0
-0.0186478
-0.861769
-0.506958
0
-0.210508
0.499064
-0.840608
0
0.220634
0.0132272
0.674246
1
-0.123849
0.715616
0.687427
0
0.991286
0.0578957
0.118324
0
0.0448751
0.696091
-0.71655
0
-0.127658
-0.0208047
0.618127
1
-0.668115
0.556539
0.493849
0
0.742814
0.460541
0.485931
0
0.0430016
0.691496
-0.7211
0
-0.125334
-0.0355549
0.604331
1
-0.0801846
0.996617
-0.0180363
0
0.994021
0.0786043
-0.0757816
0
-0.0741075
-0.024005
-0.996961
0
0.0933387
-0.0142293
0.703679
1
-0.21536
0.976252
0.0234759
0
0.973644
0.216509
-0.0717063
0
-0.0750862
0.00741446
-0.997149
0
0.0248268
0.00253487
0.647577
1
-0.801735
0.590507
0.0923178
0
0.588932
0.80685
-0.0463944
0
-0.101883
0.017173
-0.994648
0
0.106741
-0.0342012
0.642082
1
-0.186199
0.982031
0.0307251
0
0.981037
0.187542
-0.0489292
0
-0.0538123
0.0210319
-0.99833
0
0.402041
0.0205245
0.614024
1
-0.182797
0.874209
0.449827
0
0.982411
0.180167
0.0490802
0
-0.0381376
0.450887
-0.891766
0
-0.0298351
-0.0273352
0.625
1
-0.633191
0.676331
0.376358
0
0.772685
0.580636
0.256552
0
-0.0450132
0.453253
-0.890245
0
-0.061643
0.0101688
0.639926
1
-0.0407368
0.94168
0.334035
0
0.996838
0.0154756
0.0779406
0
0.0682257
0.336154
-0.939333
0
-0.171326
-0.008853
0.485373
1
0.99117
0.132222
-0.0099483
0
0.132068
-0.99113
-0.0148034
0
-0.0118174
0.0133589
-0.999841
0
0.021843
0.119105
0.614795
1
-0.380562
0.890908
0.247903
0
0.914252
0.32218
0.245648
0
0.13898
0.32013
-0.937124
0
-0.200153
0.0167033
0.542627
1
0.990849
0.134954
0.00234511
0
0.134972
-0.990787
-0.0111053
0
0.000824807
0.0113202
-0.999936
0
-0.107697
0.112738
0.617717
1
0.971588
0.235624
-0.0223006
0
0.235125
-0.971696
-0.0228821
0
-0.027061
0.0169885
-0.999489
0
0.184554
0.0820935
0.613302
1
0.684117
0.729362
-0.0038944
0
0.729182
-0.684051
-0.0191958
0
-0.0166646
0.0102924
-0.999808
0
0.0180103
0.0969923
0.617001
1
-0.529841
0.685601
0.499219
0
0.848038
0.421343
0.321406
0
0.0100139
0.593651
-0.80466
0
-0.0996605
0.0375141
0.456051
1
-0.0843046
0.801229
0.59239
0
0.996405
0.0627735
0.0568977
0
0.00840171
0.595056
-0.80364
0
0.156588
0.0163333
0.443175
1
-0.0407395
0.989417
0.13926
0
0.994558
0.0535313
-0.089379
0
-0.095888
0.134861
-0.986214
0
0.0914228
0.0606605
0.539544
1
-0.770126
0.615438
0.167753
0
0.629296
0.776032
0.0419526
0
-0.104362
0.137875
-0.984936
0
0.0310116
0.0133039
0.536436
1
-0.0308242
-0.999345
0.0189716
0
-0.996666
0.0321652
0.0749877
0
-0.0755488
-0.0165969
-0.997004
0
0.216405
0.165121
0.519052
1
0.234952
-0.97197
0.0084755
0
-0.967947
-0.233166
0.0933429
0
-0.0887503
-0.030135
-0.995598
0
0.14201
0.0561706
0.529898
1
0.076127
-0.985444
-0.152004
0
-0.987705
-0.0536523
-0.146836
0
0.136543
0.161313
-0.977412
0
-0.0310175
0.0380729
0.303766
1
0.514373
-0.774937
-0.367279
0
-0.853564
-0.503974
-0.132058
0
-0.0827626
0.381423
-0.920688
0
-0.172714
-0.0439709
0.491656
1
