0.901167
0.399758
-0.167607
0
0.314887
-0.869448
-0.380667
0
-0.2979
0.290267
-0.909396
0
0.167389
-0.978193
2.34101
1
0.0838591
0.514192
-0.853565
0
0.996226
-0.0239972
0.0834188
0
0.0224102
-0.857339
-0.514264
0
-0.213023
0.199488
0.862885
1
-0.774426
-0.343432
0.531337
0
-0.632101
0.384573
-0.672719
0
0.0266953
-0.85683
-0.514907
0
-0.262953
0.21172
0.839727
1
0.906565
0.419904
-0.0426701
0
0.344585
-0.794729
-0.499667
0
-0.243723
0.438277
-0.865166
0
-0.251469
-0.889831
2.4773
1
0.0857873
0.517117
-0.851605
0
0.996052
-0.0249373
0.0851957
0
0.0228194
-0.855551
-0.517215
0
-0.263053
0.169425
0.913515
1
